220000000000000000000000000000000000000000
222200000000000000000000000000000000000000
022222000000000000000000000000000000000222
002200200000000000000000000000000000222222
002200022000000000000000000000000222022220
000200000200000000000000000000022000002200
000210000020000000000000000002200000012000
000020000002200000000000000220000000120000
000002000000022222222222222000000000200000
000002100000001111000000000000000002000000
000000210000000000000000000000000020000000
000000020000000000000000000000001200000000
000000002100000000000000000000012000000000
000000002100000000000000000001220000000000
000000002000000000000000000000200000000000
000000002000110000000000110000200000000000
000000020001021000000001021000020000000000
000000020001221000000001221000020000000000
000000020000110001000000110000020000000000
000000021100000002200000000110020000000000
000000022210000000000000001221002000000000
000000222210000000000000012222002000000000
000000222210000022110000012222002000000000
000000212100000021111000001221002200000000
000000200000000011111000000000000200000000
000000020000000001110000000000000200000000
000000020000000000000000000000000200000000
000000020000000000000000000000000200000000
000000002000000000000000000000000200000000