00000002222222220000000
00000220000000002200000
00002000000000000020000
00002000000000000020000
00020000000000000002000
00020022200000222002000
00020022200000222002000
00020022200200222002001
00002000002220000020000
00022020000000002022001
00020022222222222002001
00020002020202020002000
00002200222222200220000
00022222000000022222000
00212222222222222221200
02212112000200021121220
02111211222022211211120
21122122200200222122112
21111211200000211211112
21111121220002212111112
02111211200000211211120
00221211222222211212200
00022211222222211222000
00002222222222222220000
00022222222222222222000
00022222222022222222000
00002222220002222220000
00222000020002000022200
00200000220002200000200
00022222000000022222000
